<?xml version="1.0"?>
<opencv_storage>
<cameraMatrixL type_id="opencv-matrix">
  <rows>3</rows>
  <cols>3</cols>
  <dt>d</dt>
  <data>
    5.3276205371190292e+002 0. 3.4247260267915590e+002 0.
    5.3288573926501317e+002 2.3389629653157013e+002 0. 0. 1.</data></cameraMatrixL>
<cameraDistcoeffL type_id="opencv-matrix">
  <rows>1</rows>
  <cols>5</cols>
  <dt>d</dt>
  <data>
    -2.8090712503179793e-001 2.5213678769361231e-002
    1.2197930436490558e-003 -1.3139946214937655e-004
    1.6372770659112984e-001</data></cameraDistcoeffL>
<cameraMatrixR type_id="opencv-matrix">
  <rows>3</rows>
  <cols>3</cols>
  <dt>d</dt>
  <data>
    5.3765686175547125e+002 0. 3.2774517728371552e+002 0.
    5.3713841933863262e+002 2.4896221553030537e+002 0. 0. 1.</data></cameraMatrixR>
<cameraDistcoeffR type_id="opencv-matrix">
  <rows>1</rows>
  <cols>5</cols>
  <dt>d</dt>
  <data>
    -2.9969143609408599e-001 1.5721983974460987e-001
    -7.0599670240384512e-004 1.9780029276440317e-004
    -7.5545549358854186e-002</data></cameraDistcoeffR>
<R type_id="opencv-matrix">
  <rows>3</rows>
  <cols>3</cols>
  <dt>d</dt>
  <data>
    9.9998624084444843e-001 3.7453413051649702e-003
    3.6729470860010923e-003 -3.7198274249546407e-003
    9.9996907658879042e-001 -6.9288346848682403e-003
    -3.6987843566899221e-003 6.9150766206530923e-003
    9.9996924988202174e-001</data></R>
<T type_id="opencv-matrix">
  <rows>3</rows>
  <cols>1</cols>
  <dt>d</dt>
  <data>
    -8.3232827838878777e+001 9.3244922205636949e-001
    4.6559250785832679e-001</data></T>
<E type_id="opencv-matrix">
  <rows>3</rows>
  <cols>3</cols>
  <dt>d</dt>
  <data>
    -1.7170048163649739e-003 -4.5913015233436205e-001
    9.3564656265024604e-001 1.5772582012507724e-001
    5.7730518471053160e-001 8.3231978516248063e+001
    -6.2282463669088983e-001 -8.3233746336503714e+001
    5.7328166779669409e-001</data></E>
<F type_id="opencv-matrix">
  <rows>3</rows>
  <cols>3</cols>
  <dt>d</dt>
  <data>
    3.7456970635494379e-009 1.0013736019732350e-006
    -1.3229427393963659e-003 -3.4441567388069248e-007
    -1.2603314023404355e-006 -9.6415852028768942e-002
    8.1503885982747541e-004 9.7588982288285386e-002
    9.9999999999999989e-001</data></F>
<R1 type_id="opencv-matrix">
  <rows>3</rows>
  <cols>3</cols>
  <dt>d</dt>
  <data>
    9.9997021146068177e-001 -7.4953087184180126e-003
    -1.8429700201117016e-003 7.4888949429209447e-003
    9.9996596234405866e-001 -3.4627454215586271e-003
    1.8688616356800989e-003 3.4488404625669091e-003
    9.9999230639822945e-001</data></R1>
<R2 type_id="opencv-matrix">
  <rows>3</rows>
  <cols>3</cols>
  <dt>d</dt>
  <data>
    9.9992161109429245e-001 -1.1202023920025898e-002
    -5.5934181579468624e-003 1.1221287243861840e-002
    9.9993117537920018e-001 3.4245024984451687e-003
    5.5546718341613777e-003 -3.4869994072670870e-003
    9.9997849299669872e-001</data></R2>
<P1 type_id="opencv-matrix">
  <rows>3</rows>
  <cols>4</cols>
  <dt>d</dt>
  <data>
    4.4786789232234810e+002 0. 3.3873292922973633e+002 0. 0.
    4.4786789232234810e+002 2.4290317153930664e+002 0. 0. 0. 1. 0.</data></P1>
<P2 type_id="opencv-matrix">
  <rows>3</rows>
  <cols>4</cols>
  <dt>d</dt>
  <data>
    4.4786789232234810e+002 0. 3.3873292922973633e+002
    -3.7280233532938662e+004 0. 4.4786789232234810e+002
    2.4290317153930664e+002 0. 0. 0. 1. 0.</data></P2>
<Q type_id="opencv-matrix">
  <rows>4</rows>
  <cols>4</cols>
  <dt>d</dt>
  <data>
    1. 0. 0. -3.3873292922973633e+002 0. 1. 0. -2.4290317153930664e+002
    0. 0. 0. 4.4786789232234810e+002 0. 0. 1.2013548464674660e-002 0.</data></Q>
</opencv_storage>
