<?xml version="1.0"?>
<opencv_storage>
<imageSize>
  640 480</imageSize>
<cameraMatrixL type_id="opencv-matrix">
  <rows>3</rows>
  <cols>3</cols>
  <dt>d</dt>
  <data>
    4.8570878526769377e+002 -1.1722146310057120e+000
    2.8612369381206832e+002 0. 4.8904958821830053e+002
    2.1876043980671176e+002 0. 0. 1.</data></cameraMatrixL>
<cameraDistcoeffL type_id="opencv-matrix">
  <rows>5</rows>
  <cols>1</cols>
  <dt>d</dt>
  <data>
    2.4142198681349272e-001 -8.3805809316508806e-001
    4.0678478095789346e-003 -5.0619602316744573e-003
    9.4961926841143385e-001</data></cameraDistcoeffL>
<cameraMatrixR type_id="opencv-matrix">
  <rows>3</rows>
  <cols>3</cols>
  <dt>d</dt>
  <data>
    4.8708683679376384e+002 -4.4626142379410999e-001
    3.1290972044529673e+002 0. 4.9054681896323780e+002
    2.4310788320551976e+002 0. 0. 1.</data></cameraMatrixR>
<cameraDistcoeffR type_id="opencv-matrix">
  <rows>5</rows>
  <cols>1</cols>
  <dt>d</dt>
  <data>
    2.5994170791407678e-001 -8.4723216355008857e-001
    6.7496579134814850e-003 -7.5506026648596292e-003
    9.0003225550193411e-001</data></cameraDistcoeffR>
<parameterR type_id="opencv-matrix">
  <rows>3</rows>
  <cols>3</cols>
  <dt>d</dt>
  <data>
    9.9998221122024900e-001 1.8219623165276234e-003
    5.6795859337133592e-003 -1.7608788827356996e-003
    9.9994075883756595e-001 -1.0741420805144883e-002
    -5.6988199323734414e-003 1.0731228665442610e-002
    9.9992617936661121e-001</data></parameterR>
<parameterT type_id="opencv-matrix">
  <rows>3</rows>
  <cols>1</cols>
  <dt>d</dt>
  <data>
    -3.8908004959993590e+001 7.2797286092970190e-002
    3.0573181555833173e+000</data></parameterT>
</opencv_storage>
