%YAML:1.0
cameraMatrixL: !!opencv-matrix
   rows: 3
   cols: 3
   dt: d
   data: [ 4.979121683720267e+02, -1.172214631005712, 2.942296976559898e+02, 0.,
       5.005644745435910e+02, 2.268261265817650e+02, 0., 0., 1. ]
cameraDistcoeffL: !!opencv-matrix
   rows: 5
   cols: 1
   dt: d
   data: [ 0.251936862540787, 0.836076862593034,
       0.008740563957335, -0.001660508866520,
       0.964709970974419 ]
cameraMatrixR: !!opencv-matrix
   rows: 3
   cols: 3
   dt: d
   data: [ 4.860209753482683e+02, -0.446261423794110, 3.196139984742895e+02, 0.,
       4.890890617759617e+02, 2.457294263683285e+02, 0., 0., 1. ]
cameraDistcoeffR: !!opencv-matrix
   rows: 5
   cols: 1
   dt: d
   data: [ 0.268712504531546, -0.889370994727341,
       0.007143572215882, -0.004071463378099,
       1.104983095953964 ]
