<?xml version="1.0"?>
<opencv_storage>
<imageSize>
  640 480</imageSize>
<cameraMatrixL type_id="opencv-matrix">
  <rows>3</rows>
  <cols>3</cols>
  <dt>d</dt>
  <data>
    5.3340789673881136e+002 0. 3.4254125087007424e+002 0.
    5.3343949739608058e+002 2.3472991239007149e+002 0. 0. 1.</data></cameraMatrixL>
<cameraDistcoeffL type_id="opencv-matrix">
  <rows>5</rows>
  <cols>1</cols>
  <dt>d</dt>
  <data>
    -2.8243971247628491e-001 4.3011657616567334e-002
    1.2006249660604026e-003 -1.2711270150301385e-004
    1.0987401207116575e-001</data></cameraDistcoeffL>
<cameraMatrixR type_id="opencv-matrix">
  <rows>3</rows>
  <cols>3</cols>
  <dt>d</dt>
  <data>
    5.3701137076971429e+002 0. 3.2745756405020001e+002 0.
    5.3659146157735756e+002 2.4992010997914434e+002 0. 0. 1.</data></cameraMatrixR>
<cameraDistcoeffR type_id="opencv-matrix">
  <rows>5</rows>
  <cols>1</cols>
  <dt>d</dt>
  <data>
    -2.9609790193814367e-001 1.3883345162238775e-001
    -5.0843230559950920e-004 9.6846535922567785e-005
    -4.9008437661095722e-002</data></cameraDistcoeffR>
<parameterR type_id="opencv-matrix">
  <rows>3</rows>
  <cols>3</cols>
  <dt>d</dt>
  <data>
    9.9998514561107754e-001 3.5276795914624464e-003
    4.1550010700487031e-003 -3.4977440403479599e-003
    9.9996803384111244e-001 -7.1900683284607464e-003
    -4.1802325079278602e-003 7.1754283941590077e-003
    9.9996551884729501e-001</data></parameterR>
<parameterT type_id="opencv-matrix">
  <rows>3</rows>
  <cols>1</cols>
  <dt>d</dt>
  <data>
    -6.6540670321251497e+001 7.3682853823590333e-001
    -9.2926280146203188e-002</data></parameterT>
</opencv_storage>
