%YAML:1.0
cameraMatrixL: !!opencv-matrix
   rows: 3
   cols: 3
   dt: d
   data: [ 5.3340789258712186e+002, 0., 3.4254119838405586e+002, 0.,
       5.3343949214104407e+002, 2.3472987199164538e+002, 0., 0., 1. ]
cameraDistcoeffL: !!opencv-matrix
   rows: 5
   cols: 1
   dt: d
   data: [ -2.8243948992738976e-001, 4.3010419353797999e-002,
       1.2006195377913082e-003, -1.2711464836923144e-004,
       1.0987602047847733e-001 ]
cameraMatrixR: !!opencv-matrix
   rows: 3
   cols: 3
   dt: d
   data: [ 5.3701136652057619e+002, 0., 3.2745757925130454e+002, 0.,
       5.3659144865878784e+002, 2.4992012506141870e+002, 0., 0., 1. ]
cameraDistcoeffR: !!opencv-matrix
   rows: 5
   cols: 1
   dt: d
   data: [ -2.9609749776908706e-001, 1.3883192239589479e-001,
       -5.0843327601348667e-004, 9.6875338054452361e-005,
       -4.9006297342182224e-002 ]
